0 0
1 0
2 0
3 0
4 0
5 0
6 0
7 0
8 0
9 0
10 0
11 0
12 0
13 0
14 0
15 0
16 0
17 0
18 0
19 0
20 0
21 0
22 0
23 0
24 0
25 0
26 0
27 0
28 0
29 0
30 0
31 0
32 0
33 0
34 0
35 0
36 0
37 0
38 0
39 0
40 0
41 0
42 0
43 0
44 0
45 0
46 0
47 0
48 0
49 0
50 0
51 0
52 0
53 0
54 0
55 0
56 0
57 0
58 0
59 0
60 0
61 0
62 0
63 0
64 0
65 0
66 0
67 0
68 0
69 0
70 0
71 0
72 0
73 0
74 0
75 0
76 0
77 0
78 0
79 0
80 35758
81 23213
82 38990
83 29132
84 47575
85 32619
86 49154
87 31847
88 46555
89 30017
90 43639
91 29038
92 43029
93 28980
94 45283
95 32390
96 55642
97 45122
98 90339
99 83887
100 174394
101 154255
102 281166
103 218376
104 361465
105 259354
106 407470
107 278251
108 415981
109 265411
110 369936
111 224628
112 308882
113 191500
114 274709
115 180242
116 270854
117 184087
118 284496
119 195612
120 300375
121 203966
122 307568
123 205513
124 306307
125 201313
126 297788
127 194071
128 283835
129 184089
130 268823
131 172332
132 246459
133 158638
134 225190
135 140779
136 200159
137 124491
138 172782
139 107305
140 145711
141 88392
142 121782
143 73400
144 100602
145 61387
146 82264
147 50211
148 68636
149 42837
150 59943
151 38053
152 55526
153 36306
154 53863
155 35993
156 53420
157 34665
158 49937
159 32213
160 45885
161 28930
162 42501
163 25090
164 33118
165 17648
166 25451
167 16405
168 24773
169 16182
170 23451
171 15433
172 21366
173 12444
174 17241
175 11005
176 17650
177 15867
178 21045
179 17092
180 13078
181 298
182 69
183 0
184 0
185 0
186 0
187 0
188 0
189 0
190 0
191 0
192 0
193 0
194 0
195 0
196 0
197 0
198 0
199 0
200 0
201 0
202 0
203 0
204 0
205 0
206 0
207 0
208 0
209 0
210 0
211 0
212 0
213 0
214 0
215 0
216 0
217 0
218 0
219 0
220 0
221 0
222 0
223 0
224 0
225 0
226 0
227 0
228 0
229 0
230 0
231 0
232 0
233 0
234 0
235 0
236 0
237 0
238 0
239 0
240 0
241 0
242 0
243 0
244 0
245 0
246 0
247 0
248 0
249 0
250 0
251 0
252 0
253 0
254 0
255 0
