0 58971
1 38990
2 29132
3 47575
4 32619
5 81001
6 46555
7 30017
8 72677
9 43029
10 28980
11 45283
12 32390
13 55642
14 45122
15 0
16 90339
17 83887
18 0
19 0
20 0
21 174394
22 0
23 0
24 154255
25 0
26 0
27 0
28 0
29 0
30 281166
31 0
32 0
33 0
34 0
35 218376
36 0
37 0
38 0
39 0
40 0
41 0
42 361465
43 0
44 0
45 0
46 0
47 0
48 259354
49 0
50 0
51 0
52 0
53 0
54 0
55 0
56 407470
57 0
58 0
59 0
60 0
61 0
62 278251
63 0
64 0
65 0
66 0
67 0
68 0
69 0
70 0
71 415981
72 0
73 0
74 0
75 0
76 265411
77 0
78 0
79 0
80 0
81 0
82 0
83 0
84 369936
85 0
86 0
87 0
88 0
89 224628
90 0
91 0
92 0
93 0
94 0
95 308882
96 0
97 0
98 0
99 191500
100 0
101 0
102 0
103 0
104 0
105 274709
106 0
107 0
108 0
109 180242
110 0
111 0
112 0
113 0
114 270854
115 0
116 0
117 0
118 184087
119 0
120 0
121 0
122 0
123 0
124 284496
125 0
126 0
127 0
128 195612
129 0
130 0
131 0
132 0
133 0
134 0
135 300375
136 0
137 0
138 0
139 203966
140 0
141 0
142 0
143 0
144 0
145 307568
146 0
147 0
148 0
149 0
150 205513
151 0
152 0
153 0
154 0
155 0
156 306307
157 0
158 0
159 0
160 201313
161 0
162 0
163 0
164 0
165 0
166 297788
167 0
168 0
169 0
170 0
171 194071
172 0
173 0
174 0
175 0
176 0
177 283835
178 0
179 0
180 184089
181 0
182 0
183 0
184 0
185 0
186 268823
187 0
188 0
189 0
190 172332
191 0
192 0
193 0
194 0
195 246459
196 0
197 0
198 158638
199 0
200 0
201 0
202 0
203 225190
204 0
205 0
206 140779
207 0
208 0
209 0
210 200159
211 0
212 0
213 124491
214 0
215 0
216 172782
217 0
218 107305
219 0
220 0
221 145711
222 0
223 88392
224 0
225 0
226 121782
227 73400
228 0
229 0
230 100602
231 61387
232 0
233 82264
234 50211
235 68636
236 42837
237 59943
238 38053
239 55526
240 36306
241 53863
242 35993
243 53420
244 34665
245 82150
246 45885
247 28930
248 67591
249 50766
250 41856
251 40955
252 60250
253 40690
254 54562
255 30537
