0 24120
1 23058
2 24315
3 26468
4 29132
5 31305
6 32667
7 32791
8 32585
9 31847
10 31351
11 30243
12 29698
13 28919
14 29038
15 28646
16 28930
17 29175
18 30541
19 32390
20 35866
21 41365
22 49872
23 64000
24 83887
25 109020
26 138315
27 168096
28 194384
29 218376
30 237490
31 252537
32 264357
33 273905
34 278251
35 278714
36 271693
37 258714
38 242207
39 224628
40 209492
41 195913
42 187778
43 181908
44 180242
45 179304
46 183126
47 185916
48 191091
49 195612
50 199189
51 202643
52 204867
53 205210
54 205513
55 204256
56 202954
57 200319
58 197879
59 194071
60 190470
61 185749
62 182057
63 178471
64 172332
65 165464
66 160707
67 155281
68 148835
69 140779
70 135130
71 128381
72 119896
73 114025
74 107305
75 99173
76 91956
77 85325
78 79431
79 73400
80 68413
81 63398
82 58396
83 54046
84 50211
85 46191
86 44339
87 41532
88 39354
89 38053
90 37170
91 36491
92 36364
93 35670
94 35993
95 35803
96 35188
97 34009
98 33022
99 32213
100 31181
101 29886
102 27930
103 28319
104 25090
105 23670
106 18413
107 17338
108 16796
109 16405
110 16521
111 16803
112 15583
113 15499
114 15433
115 14931
116 12785
117 11931
118 11404
119 11005
120 11292
121 13290
122 15568
123 14412
124 17092
125 9864
126 3417
127 164
128 0
129 0
130 0
131 0
132 0
133 0
134 0
135 0
136 0
137 0
138 0
139 0
140 0
141 0
142 0
143 0
144 0
145 0
146 0
147 0
148 0
149 0
150 0
151 0
152 0
153 0
154 0
155 0
156 0
157 0
158 0
159 0
160 0
161 0
162 0
163 0
164 0
165 0
166 0
167 0
168 0
169 0
170 0
171 0
172 0
173 0
174 0
175 0
176 0
177 0
178 0
179 0
180 0
181 0
182 0
183 0
184 0
185 0
186 0
187 0
188 0
189 0
190 0
191 0
192 0
193 0
194 0
195 0
196 0
197 0
198 0
199 0
200 0
201 0
202 0
203 0
204 0
205 0
206 0
207 0
208 0
209 0
210 0
211 0
212 0
213 0
214 0
215 0
216 0
217 0
218 0
219 0
220 0
221 0
222 0
223 0
224 0
225 0
226 0
227 0
228 0
229 0
230 0
231 0
232 0
233 0
234 0
235 0
236 0
237 0
238 0
239 0
240 0
241 0
242 0
243 0
244 0
245 0
246 0
247 0
248 0
249 0
250 0
251 0
252 0
253 0
254 0
255 0
