0 12193
1 11927
2 11638
3 11420
4 11793
5 12522
6 13135
7 13333
8 14187
9 14945
10 15475
11 15830
12 16270
13 16397
14 16222
15 16569
16 16252
17 16333
18 16105
19 15742
20 15805
21 15546
22 15204
23 15039
24 14978
25 14720
26 14475
27 14444
28 14539
29 14499
30 14117
31 14529
32 14383
33 14547
34 14433
35 14742
36 15179
37 15362
38 15944
39 16446
40 17373
41 18493
42 19776
43 21589
44 23533
45 26339
46 29766
47 34234
48 39017
49 44870
50 50951
51 58069
52 65374
53 72941
54 81314
55 86782
56 93931
57 100453
58 106481
59 111895
60 116827
61 120663
62 123975
63 128562
64 130792
65 133565
66 136559
67 137346
68 138569
69 139682
70 139712
71 139002
72 137267
73 134426
74 130985
75 127729
76 123368
77 118839
78 114097
79 110531
80 106348
81 103144
82 99390
83 96523
84 94977
85 92801
86 91302
87 90606
88 90437
89 89805
90 89381
91 89923
92 91550
93 91576
94 92511
95 93405
96 94969
97 96122
98 97234
99 98378
100 99087
101 100102
102 101186
103 101457
104 102509
105 102358
106 102862
107 102348
108 103001
109 102512
110 102537
111 101719
112 102051
113 100903
114 100410
115 99909
116 99545
117 98334
118 96967
119 97104
120 95177
121 95293
122 93365
123 92384
124 91705
125 90352
126 89751
127 88720
128 86164
129 86168
130 83536
131 81928
132 80995
133 79712
134 78926
135 76355
136 75310
137 73525
138 71254
139 69525
140 68101
141 67029
142 65029
143 63352
144 61139
145 58757
146 57453
147 56572
148 54812
149 52493
150 50098
151 49075
152 46538
153 45418
154 42974
155 42351
156 40375
157 39056
158 37652
159 35748
160 35022
161 33391
162 32189
163 31209
164 30178
165 28218
166 27564
167 26482
168 25638
169 24573
170 23465
171 22726
172 22445
173 21894
174 20943
175 20589
176 20129
177 19225
178 19046
179 19007
180 18792
181 18378
182 18356
183 18135
184 18171
185 18193
186 17899
187 17771
188 17806
189 18187
190 17633
191 18170
192 17617
193 17571
194 17094
195 16915
196 16751
197 16271
198 16227
199 15986
200 15711
201 15470
202 14704
203 15182
204 13748
205 14182
206 13888
207 14431
208 12559
209 12531
210 13452
211 10218
212 9448
213 8965
214 8683
215 8655
216 8396
217 8400
218 8457
219 7948
220 8409
221 8112
222 8252
223 8551
224 7631
225 7952
226 7912
227 7587
228 8049
229 7384
230 7390
231 7541
232 6435
233 6350
234 6094
235 5837
236 6084
237 5320
238 5184
239 5821
240 5299
241 5993
242 6358
243 6932
244 8935
245 6633
246 6784
247 7628
248 9889
249 7203
250 4284
251 5580
252 3214
253 203
254 95
255 69
