0 0
1 0
2 0
3 0
4 0
5 0
6 0
7 0
8 0
9 0
10 0
11 0
12 0
13 0
14 0
15 0
16 0
17 0
18 0
19 0
20 0
21 0
22 0
23 0
24 0
25 0
26 0
27 0
28 0
29 0
30 0
31 0
32 0
33 0
34 0
35 0
36 0
37 0
38 0
39 0
40 0
41 0
42 0
43 0
44 0
45 0
46 0
47 0
48 0
49 0
50 0
51 0
52 0
53 0
54 0
55 0
56 0
57 0
58 0
59 0
60 0
61 0
62 0
63 0
64 0
65 0
66 0
67 0
68 0
69 0
70 0
71 0
72 0
73 0
74 0
75 0
76 0
77 0
78 0
79 0
80 12193
81 11927
82 11638
83 11420
84 11793
85 12522
86 13135
87 13333
88 14187
89 14945
90 15475
91 15830
92 16270
93 16397
94 16222
95 16569
96 16252
97 16333
98 16105
99 15742
100 15805
101 15546
102 15204
103 15039
104 14978
105 14720
106 14475
107 14444
108 14539
109 14499
110 14117
111 14529
112 14383
113 14547
114 14433
115 14742
116 15179
117 15362
118 15944
119 16446
120 17373
121 18493
122 19776
123 21589
124 23533
125 26339
126 29766
127 34234
128 39017
129 44870
130 50951
131 58069
132 65374
133 72941
134 81314
135 86782
136 93931
137 100453
138 106481
139 111895
140 116827
141 120663
142 123975
143 128562
144 130792
145 133565
146 136559
147 137346
148 138569
149 139682
150 139712
151 139002
152 137267
153 134426
154 130985
155 127729
156 123368
157 118839
158 114097
159 110531
160 106348
161 103144
162 99390
163 96523
164 94977
165 92801
166 91302
167 90606
168 90437
169 89805
170 89381
171 89923
172 91550
173 91576
174 92511
175 93405
176 94969
177 96122
178 97234
179 98378
180 99087
181 100102
182 101186
183 101457
184 102509
185 102358
186 102862
187 102348
188 103001
189 102512
190 102537
191 101719
192 102051
193 100903
194 100410
195 99909
196 99545
197 98334
198 96967
199 97104
200 95177
201 95293
202 93365
203 92384
204 91705
205 90352
206 89751
207 88720
208 86164
209 86168
210 83536
211 81928
212 80995
213 79712
214 78926
215 76355
216 75310
217 73525
218 71254
219 69525
220 68101
221 67029
222 65029
223 63352
224 61139
225 58757
226 57453
227 56572
228 54812
229 52493
230 50098
231 49075
232 46538
233 45418
234 42974
235 42351
236 40375
237 39056
238 37652
239 35748
240 35022
241 33391
242 32189
243 31209
244 30178
245 28218
246 27564
247 26482
248 25638
249 24573
250 23465
251 22726
252 22445
253 21894
254 20943
255 911941
